column_value,precision,recall,fbeta
workclass_State-gov,0.7580645161290323,0.734375,0.7460317460317459
workclass_Private,0.8194842406876791,0.5641025641025641,0.6682242990654206
workclass_Self-emp-not-inc,0.75,0.5225806451612903,0.6159695817490495
workclass_?,0.6875,0.6111111111111112,0.6470588235294118
workclass_Self-emp-inc,0.8407079646017699,0.7786885245901639,0.8085106382978724
workclass_Local-gov,0.7184466019417476,0.6218487394957983,0.6666666666666666
workclass_Federal-gov,0.82,0.5616438356164384,0.6666666666666667
workclass_Without-pay,1.0,1.0,1.0
education_12th,1.0,0.2,0.33333333333333337
education_HS-grad,0.9186046511627907,0.24233128834355827,0.3834951456310679
education_Some-college,0.7848101265822784,0.40522875816993464,0.5344827586206896
education_Bachelors,0.7704918032786885,0.8411633109619687,0.8042780748663101
education_11th,1.0,0.3333333333333333,0.5
education_Assoc-acdm,0.8709677419354839,0.5094339622641509,0.6428571428571428
education_Masters,0.7777777777777778,0.8655913978494624,0.8193384223918575
education_10th,1.0,0.25,0.4
education_5th-6th,1.0,0.0,0.0
education_7th-8th,1.0,0.0,0.0
education_Doctorate,0.7727272727272727,0.864406779661017,0.8159999999999998
education_Prof-school,0.9166666666666666,0.8953488372093024,0.9058823529411765
education_Assoc-voc,0.75,0.36,0.48648648648648657
education_9th,1.0,0.4,0.5714285714285715
education_1st-4th,1.0,0.0,0.0
education_Preschool,1.0,1.0,1.0
marital-status_Divorced,1.0,0.2857142857142857,0.4444444444444445
marital-status_Never-married,0.9523809523809523,0.24390243902439024,0.3883495145631068
marital-status_Married-civ-spouse,0.7899008115419297,0.6398831263696129,0.7070217917675544
marital-status_Widowed,1.0,0.21739130434782608,0.3571428571428571
marital-status_Married-AF-spouse,1.0,0.5,0.6666666666666666
marital-status_Separated,1.0,0.2222222222222222,0.3636363636363636
marital-status_Married-spouse-absent,1.0,0.2857142857142857,0.4444444444444445
occupation_Other-service,0.875,0.30434782608695654,0.4516129032258065
occupation_Machine-op-inspct,0.8235294117647058,0.24561403508771928,0.37837837837837834
occupation_Transport-moving,0.8076923076923077,0.328125,0.46666666666666673
occupation_Exec-managerial,0.8324175824175825,0.753731343283582,0.7911227154046997
occupation_Prof-specialty,0.8005115089514067,0.821522309711286,0.8108808290155439
occupation_?,0.6875,0.6111111111111112,0.6470588235294118
occupation_Sales,0.7536231884057971,0.5360824742268041,0.6265060240963854
occupation_Craft-repair,0.8055555555555556,0.2914572864321608,0.4280442804428044
occupation_Tech-support,0.7948717948717948,0.543859649122807,0.6458333333333333
occupation_Adm-clerical,0.6818181818181818,0.33707865168539325,0.4511278195488721
occupation_Handlers-cleaners,1.0,0.17647058823529413,0.3
occupation_Farming-fishing,0.6,0.1875,0.2857142857142857
occupation_Armed-Forces,1.0,1.0,1.0
occupation_Protective-serv,0.8461538461538461,0.46808510638297873,0.6027397260273972
occupation_Priv-house-serv,1.0,1.0,1.0
relationship_Unmarried,1.0,0.3191489361702128,0.48387096774193555
relationship_Own-child,1.0,0.25,0.4
relationship_Not-in-family,1.0,0.25,0.4
relationship_Husband,0.7898989898989899,0.6511240632805995,0.7138293016887266
relationship_Wife,0.7948717948717948,0.5568862275449101,0.6549295774647887
relationship_Other-relative,0.3333333333333333,0.25,0.28571428571428575
race_White,0.8,0.5933147632311978,0.681327469012395
race_Asian-Pac-Islander,0.7413793103448276,0.6615384615384615,0.6991869918699186
race_Black,0.85,0.44155844155844154,0.5811965811965811
race_Other,1.0,1.0,1.0
race_Amer-Indian-Eskimo,1.0,0.3333333333333333,0.5
sex_Female,0.8333333333333334,0.4979253112033195,0.6233766233766234
sex_Male,0.7945205479452054,0.6050670640834576,0.6869712351945855
native-country_United-States,0.8084291187739464,0.5852981969486823,0.6790024135156879
native-country_Japan,0.8333333333333334,0.8333333333333334,0.8333333333333334
native-country_Dominican-Republic,1.0,1.0,1.0
native-country_Mexico,0.8,0.3333333333333333,0.47058823529411764
native-country_India,0.6923076923076923,0.8181818181818182,0.7500000000000001
native-country_Canada,0.375,0.6,0.4615384615384615
native-country_Guatemala,1.0,1.0,1.0
native-country_?,0.7222222222222222,0.52,0.6046511627906976
native-country_Philippines,0.9090909090909091,0.8333333333333334,0.8695652173913043
native-country_Taiwan,0.7142857142857143,1.0,0.8333333333333333
native-country_England,0.75,1.0,0.8571428571428571
native-country_Haiti,1.0,0.0,0.0
native-country_Germany,0.8333333333333334,0.625,0.7142857142857143
native-country_Italy,0.8571428571428571,0.6,0.7058823529411764
native-country_Puerto-Rico,0.6666666666666666,0.6666666666666666,0.6666666666666666
native-country_Vietnam,1.0,0.0,0.0
native-country_Laos,1.0,1.0,1.0
native-country_South,0.2,0.5,0.28571428571428575
native-country_Iran,1.0,0.8,0.888888888888889
native-country_Columbia,0.0,1.0,0.0
native-country_Peru,1.0,1.0,1.0
native-country_El-Salvador,1.0,1.0,1.0
native-country_Cuba,0.75,0.5,0.6
native-country_Portugal,1.0,0.0,0.0
native-country_China,0.75,0.75,0.75
native-country_Jamaica,0.5,0.25,0.3333333333333333
native-country_Nicaragua,1.0,1.0,1.0
native-country_Scotland,1.0,1.0,1.0
native-country_Honduras,1.0,1.0,1.0
native-country_Poland,0.5,0.5,0.5
native-country_France,1.0,0.5,0.6666666666666666
native-country_Trinadad&Tobago,1.0,1.0,1.0
native-country_Yugoslavia,1.0,0.0,0.0
native-country_Hong,0.6666666666666666,0.6666666666666666,0.6666666666666666
native-country_Cambodia,1.0,0.0,0.0
native-country_Hungary,1.0,1.0,1.0
native-country_Outlying-US(Guam-USVI-etc),1.0,1.0,1.0
native-country_Ecuador,1.0,1.0,1.0
native-country_Ireland,1.0,1.0,1.0
native-country_Thailand,1.0,1.0,1.0
native-country_Greece,1.0,1.0,1.0
